Dataset generated in output.in
7 122 283 638 46 13 555 856 560 495 519 375 453 491 934 685 65 207 271 729 391 623 808 580 894 708 207 289 50 900 677 307 22 960 945 420 974 500 276 534 995 148 261 800 991 547 837 408 754 461 137 146 436 298 78 330 6 637 619 56 538 648 363 912 609 660 685 583 513 961 469 860 461 82 661 452 981 850 861 736 663 350 234 451 648 664 781 7 653 752 63 543 401 779 456 
102
362 439 141 945 952 454 766 813 916 848 826 720 829 28 933 917 44 636 503 495 636 519 629 643 173 733 707 716 134 838 524 496 629 17 793 582 824 911 747 740 111 925 812 293 305 746 562 349 382 66 845 18 937 826 14 462 559 721 531 46 911 55 542 540 425 688 474 249 951 221 341 63 498 153 356 156 251 918 505 633 336 702 4 626 528 18 88 88 91 619 134 2 27 28 894 804 68 369 53 20 942 394 
103
83 441 899 791 597 151 61 454 784 398 157 140 24 37 510 464 125 601 436 611 955 815 992 850 619 60 219 672 432 513 418 867 954 317 658 903 820 72 358 957 470 867 97 846 904 960 662 382 913 98 345 869 913 337 71 884 750 642 908 534 155 678 402 462 348 412 365 168 484 75 125 306 942 575 152 199 535 167 933 448 265 278 669 531 968 740 767 718 734 676 252 242 354 6 704 702 419 421 871 903 849 348 562 
104
143 923 714 342 458 233 627 907 499 906 576 382 226 669 501 296 403 177 548 997 884 907 701 938 326 475 161 581 676 510 143 819 433 210 514 892 443 141 151 294 399 727 28 625 748 530 921 152 59 822 149 943 729 203 882 407 30 43 340 706 905 836 877 339 398 391 583 193 533 734 488 284 813 868 910 562 750 183 66 810 5 567 105 86 122 987 845 504 383 186 210 288 22 88 979 420 831 914 613 364 648 453 649 814 
105
674 911 728 424 94 794 234 452 713 692 890 836 679 736 340 414 922 903 55 296 343 386 716 174 301 681 891 301 487 892 115 161 803 195 585 249 341 172 53 55 864 944 243 895 680 935 662 602 838 717 250 533 455 966 708 756 999 599 58 486 843 525 999 646 73 937 247 414 109 301 469 325 597 712 572 277 648 234 231 838 303 481 372 759 799 432 867 798 383 925 637 226 803 988 224 876 925 471 642 34 124 112 711 721 176 
